    unsorted:	 125.8878117 125.8878117 125.8878117 125.8878117 125.8878117 125.8878117 125.8878117 125.8878117 125.8878117 125.8878117 125.8878117 125.8878117 125.8878117 189.6102339 167.8087538 169.2516490 164.5802480 161.2301861 160.2630692 157.6187831 176.2159166 173.8702651 181.5371613 182.1880359 155.2089728 152.4483915 151.8366178 187.7799428 191.7264015 194.3718433 138.1252029 133.0021565 134.6458548 129.0462937 125.7251772 202.7483795 201.8107794 116.1481259 215.3143024 220.2609570 225.8111899 228.7899970 233.9044562 107.2299194 99.86113784 249.3064199 254.9805201 70.37774039 0.2711390314 0.2752997176 0.01456169551 1.449498494 2.551908489 2.894863403 3.609316889 6.417244841 8.856462949 52.60219209 34.08283037 280.2897971 297.9625963 295.8734774 311.0733662 349.2412306 365.8392540 374.6694563 378.2735697 425.0113239 473.7030613 513.1340966 589.2294143 620.4675317 738.6580183 792.7961862 919.0915156 1190.813672 1492.855614 1586.088726 2178.753195 5657.730536 26061.73700 20826.23992 24350.65487 27650.56394 34554.47600 90761.30616
      sorted:	 0.01456169551 0.2711390314 0.2752997176 1.449498494 2.551908489 2.894863403 3.609316889 6.417244841 8.856462949 34.08283037 52.60219209 70.37774039 99.86113784 107.2299194 116.1481259 125.7251772 125.8878117 125.8878117 125.8878117 125.8878117 125.8878117 125.8878117 125.8878117 125.8878117 125.8878117 125.8878117 125.8878117 125.8878117 125.8878117 129.0462937 133.0021565 134.6458548 138.1252029 151.8366178 152.4483915 155.2089728 157.6187831 160.2630692 161.2301861 164.5802480 167.8087538 169.2516490 173.8702651 176.2159166 181.5371613 182.1880359 187.7799428 189.6102339 191.7264015 194.3718433 201.8107794 202.7483795 215.3143024 220.2609570 225.8111899 228.7899970 233.9044562 249.3064199 254.9805201 280.2897971 295.8734774 297.9625963 311.0733662 349.2412306 365.8392540 374.6694563 378.2735697 425.0113239 473.7030613 513.1340966 589.2294143 620.4675317 738.6580183 792.7961862 919.0915156 1190.813672 1492.855614 1586.088726 2178.753195 5657.730536 20826.23992 24350.65487 26061.73700 27650.56394 34554.47600 90761.30616
