    unsorted:	 109.6622716 109.6622716 109.6622716 109.6622716 109.6622716 109.6622716 109.6622716 109.6622716 109.6622716 109.6622716 109.6622716 109.6622716 109.6622716 191.4874949 191.4109203 191.7186858 191.9373684 190.9461409 190.5653206 192.4441397 188.7818199 188.1527082 185.9026287 183.3237530 183.3849333 197.1061649 198.8378551 176.4674558 173.5516920 165.9134558 166.1549028 168.2004533 159.0926347 157.3979169 153.1261070 147.4117378 137.4078030 133.5243770 135.0088196 138.9238092 128.6460801 125.8624696 123.6992720 121.2773478 119.8733585 118.0742790 109.5957616 111.1248947 107.6032326 208.5772962 103.1185609 97.85784170 87.70329430 89.16371785 84.40344109 83.66749196 219.7269038 224.9132396 232.1613344 66.29381665 59.10913878 247.8012550 253.4257392 44.55122135 26.43405396 34.04617789 15.35739301 18.05766448 8.459731601 1.715014620 1.806197422 0.2928731342 291.8754813 315.2989583 338.5559732 369.8004417 426.8796610 445.2193555 479.9408783 525.2581518 612.8626010 637.0000456 672.9447340 870.5731194 966.9184558 1264.034240 1254.346661 1421.826153 1501.680299 1542.595125 1928.727801 2159.566908 2255.755837 2456.902301 2627.247003 2815.723724 2970.527774 3108.047603 3507.918707 3722.483545 3952.587173 4569.664935 4896.485950 6850.149488 8334.393944 8773.078718 10666.44945 10832.08405 14813.40040 18768.72234 22183.93341 26549.45754 27659.12062 29883.94765 33163.16744 39222.91894 63840.84453 89121.00915 107025.4328 246740110.0 246740110.0 246740110.0 246740110.0 246740110.0 246740110.0 227968.1540 277756.4190 351211.8609 246740110.0 246740110.0 246740110.0 936763.7709 246740110.0 246740110.0 2709829.312 4134699.370 246740110.0
      sorted:	 0.2928731342 1.715014620 1.806197422 8.459731601 15.35739301 18.05766448 26.43405396 34.04617789 44.55122135 59.10913878 66.29381665 83.66749196 84.40344109 87.70329430 89.16371785 97.85784170 103.1185609 107.6032326 109.5957616 109.6622716 109.6622716 109.6622716 109.6622716 109.6622716 109.6622716 109.6622716 109.6622716 109.6622716 109.6622716 109.6622716 109.6622716 109.6622716 111.1248947 118.0742790 119.8733585 121.2773478 123.6992720 125.8624696 128.6460801 133.5243770 135.0088196 137.4078030 138.9238092 147.4117378 153.1261070 157.3979169 159.0926347 165.9134558 166.1549028 168.2004533 173.5516920 176.4674558 183.3237530 183.3849333 185.9026287 188.1527082 188.7818199 190.5653206 190.9461409 191.4109203 191.4874949 191.7186858 191.9373684 192.4441397 197.1061649 198.8378551 208.5772962 219.7269038 224.9132396 232.1613344 247.8012550 253.4257392 291.8754813 315.2989583 338.5559732 369.8004417 426.8796610 445.2193555 479.9408783 525.2581518 612.8626010 637.0000456 672.9447340 870.5731194 966.9184558 1254.346661 1264.034240 1421.826153 1501.680299 1542.595125 1928.727801 2159.566908 2255.755837 2456.902301 2627.247003 2815.723724 2970.527774 3108.047603 3507.918707 3722.483545 3952.587173 4569.664935 4896.485950 6850.149488 8334.393944 8773.078718 10666.44945 10832.08405 14813.40040 18768.72234 22183.93341 26549.45754 27659.12062 29883.94765 33163.16744 39222.91894 63840.84453 89121.00915 107025.4328 227968.1540 277756.4190 351211.8609 936763.7709 2709829.312 4134699.370 246740110.0 246740110.0 246740110.0 246740110.0 246740110.0 246740110.0 246740110.0 246740110.0 246740110.0 246740110.0 246740110.0 246740110.0
